3 11 15 29 35 44
7 14 18 23 32 41
1 9 17 26 33 42
5 12 21 28 36 45
2 8 16 24 31 43
4 10 19 27 34 40
6 13 20 22 30 39
3 7 18 25 37 44
1 11 14 29 32 45
5 9 17 23 35 41
2 12 16 28 33 42
4 8 19 26 31 43
6 10 20 24 34 40
7 13 21 27 36 39
3 9 15 22 30 44
1 14 18 25 32 45
5 11 17 29 35 41
2 10 16 23 33 42
4 12 19 28 31 43
6 8 20 26 34 40
7 9 21 24 36 39
3 13 15 27 30 44
1 10 18 22 32 45
5 14 17 25 35 41
2 11 16 29 33 42
4 9 19 23 31 43
6 12 20 28 34 40
7 8 21 26 36 39
3 10 15 24 30 44
1 13 18 27 32 45
5 8 17 22 35 41
2 14 16 25 33 42
4 11 19 29 31 43
6 9 20 23 34 40
7 12 21 28 36 39
3 8 15 26 30 44
1 12 18 24 32 45
5 10 17 27 35 41
2 13 16 22 33 42
4 14 19 25 31 43
6 11 20 29 34 40
7 10 21 23 36 39
3 12 15 28 30 44
1 8 18 26 32 45
5 13 17 24 35 41
2 9 16 27 33 42
4 10 19 22 31 43
6 14 20 25 34 40
7 11 21 29 36 39
3 14 15 23 30 44
1 10 18 28 32 45
5 12 17 26 35 41
2 8 16 24 33 42
4 13 19 27 31 43
6 9 20 22 34 40
7 14 21 25 36 39
3 11 15 29 30 44
1 9 18 23 32 45
5 14 17 28 35 41
2 12 16 26 33 42